version https://git-lfs.github.com/spec/v1
oid sha256:fcd35db53fe8bbb5010096e07fe9a30205e52178661305fa29bf32f2039cf04d
size 52776
